50 2
68.601997 102.491997
454.665985 264.808990
101.283997 169.285995
372.614990 263.140991
300.989014 46.555000
100.904999 205.776993
110.170998 55.647999
118.856003 47.445999
355.247009 76.431000
276.085999 182.048004
143.376007 117.737999
204.207001 133.410004
78.260002 139.326996
158.722000 211.529999
68.433998 59.125000
407.505005 160.498001
416.434998 150.445999
507.549011 190.889008
149.841003 204.709000
498.759003 181.947998
274.614990 232.733994
84.023003 90.084000
362.240997 242.054993
505.821014 159.210007
420.803986 134.830002
504.035004 314.125000
356.670013 199.093994
326.545990 91.766998
214.477005 63.821999
351.351013 86.885002
216.041000 242.024994
441.700012 277.333008
68.678001 203.095001
547.051025 99.218002
405.983002 141.934006
402.239990 247.876007
197.134003 260.622009
163.141006 66.302002
561.950989 172.966995
340.036987 115.315002
63.076000 78.059998
261.072998 268.122009
319.376007 65.832001
494.333008 148.839005
537.507019 279.666992
430.949005 114.013000
393.601013 118.588997
320.429993 57.284000
77.561996 152.847000
361.268005 272.518005